> s=2
> A[25][52],RECTANGLE -> [ (25, 52) ,(25, 53) ,(25, 54) ,(25, 55) ,(26, 52) ,(26, 53) ,(26, 54) ,(26, 55)  ]
A[26][38],RECTANGLE -> [ (26, 38) ,(26, 39) ,(26, 40) ,(26, 41) ,(27, 38) ,(27, 39) ,(27, 40) ,(27, 41)  ]
A[29][49],RECTANGLE -> [ (29, 49) ,(29, 50) ,(29, 51) ,(29, 52) ,(30, 49) ,(30, 50) ,(30, 51) ,(30, 52)  ]
A[25][45],RECTANGLE -> [ (25, 45) ,(25, 46) ,(25, 47) ,(25, 48) ,(26, 45) ,(26, 46) ,(26, 47) ,(26, 48)  ]
A[39][33],RECTANGLE -> [ (39, 33) ,(39, 34) ,(39, 35) ,(39, 36) ,(40, 33) ,(40, 34) ,(40, 35) ,(40, 36)  ]
A[41][33],RECTANGLE -> [ (41, 33) ,(41, 34) ,(41, 35) ,(41, 36) ,(42, 33) ,(42, 34) ,(42, 35) ,(42, 36)  ]
A[41][49],RECTANGLE -> [ (41, 49) ,(41, 50) ,(41, 51) ,(41, 52) ,(42, 49) ,(42, 50) ,(42, 51) ,(42, 52)  ]
A[27][51],RECTANGLE -> [ (27, 51) ,(27, 52) ,(27, 53) ,(27, 54) ,(28, 51) ,(28, 52) ,(28, 53) ,(28, 54)  ]
A[35][49],RECTANGLE -> [ (35, 49) ,(35, 50) ,(35, 51) ,(35, 52) ,(36, 49) ,(36, 50) ,(36, 51) ,(36, 52)  ]
A[43][43],RECTANGLE -> [ (43, 43) ,(43, 44) ,(43, 45) ,(43, 46) ,(44, 43) ,(44, 44) ,(44, 45) ,(44, 46)  ]
A[44][47],RECTANGLE -> [ (44, 47) ,(44, 48) ,(44, 49) ,(44, 50) ,(45, 47) ,(45, 48) ,(45, 49) ,(45, 50)  ]
A[38][40],COLUMN -> [ (38, 40) ,(39, 40) ,(40, 40) ,(41, 40) ,(42, 40) ,(43, 40) ,(44, 40) ,(45, 40)  ]
A[25][40],RECTANGLE -> [ (25, 40) ,(25, 41) ,(25, 42) ,(25, 43) ,(26, 40) ,(26, 41) ,(26, 42) ,(26, 43)  ]
A[43][33],RECTANGLE -> [ (43, 33) ,(43, 34) ,(43, 35) ,(43, 36) ,(44, 33) ,(44, 34) ,(44, 35) ,(44, 36)  ]
A[37][37],COLUMN -> [ (37, 37) ,(38, 37) ,(39, 37) ,(40, 37) ,(41, 37) ,(42, 37) ,(43, 37) ,(44, 37)  ]
A[24][43],MAIN_DIAG -> [ (24, 43) ,(25, 44) ,(26, 45) ,(27, 46) ,(28, 47) ,(29, 48) ,(30, 49) ,(31, 50)  ]
A[40][51],RECTANGLE -> [ (40, 51) ,(40, 52) ,(40, 53) ,(40, 54) ,(41, 51) ,(41, 52) ,(41, 53) ,(41, 54)  ]
A[41][43],RECTANGLE -> [ (41, 43) ,(41, 44) ,(41, 45) ,(41, 46) ,(42, 43) ,(42, 44) ,(42, 45) ,(42, 46)  ]
A[42][38],RECTANGLE -> [ (42, 38) ,(42, 39) ,(42, 40) ,(42, 41) ,(43, 38) ,(43, 39) ,(43, 40) ,(43, 41)  ]
A[24][48],RECTANGLE -> [ (24, 48) ,(24, 49) ,(24, 50) ,(24, 51) ,(25, 48) ,(25, 49) ,(25, 50) ,(25, 51)  ]
A[26][45],RECTANGLE -> [ (26, 45) ,(26, 46) ,(26, 47) ,(26, 48) ,(27, 45) ,(27, 46) ,(27, 47) ,(27, 48)  ]
A[28][35],RECTANGLE -> [ (28, 35) ,(28, 36) ,(28, 37) ,(28, 38) ,(29, 35) ,(29, 36) ,(29, 37) ,(29, 38)  ]
A[41][29],RECTANGLE -> [ (41, 29) ,(41, 30) ,(41, 31) ,(41, 32) ,(42, 29) ,(42, 30) ,(42, 31) ,(42, 32)  ]
A[42][47],RECTANGLE -> [ (42, 47) ,(42, 48) ,(42, 49) ,(42, 50) ,(43, 47) ,(43, 48) ,(43, 49) ,(43, 50)  ]
A[44][41],RECTANGLE -> [ (44, 41) ,(44, 42) ,(44, 43) ,(44, 44) ,(45, 41) ,(45, 42) ,(45, 43) ,(45, 44)  ]
A[36][52],COLUMN -> [ (36, 52) ,(37, 52) ,(38, 52) ,(39, 52) ,(40, 52) ,(41, 52) ,(42, 52) ,(43, 52)  ]
A[26][39],RECTANGLE -> [ (26, 39) ,(26, 40) ,(26, 41) ,(26, 42) ,(27, 39) ,(27, 40) ,(27, 41) ,(27, 42)  ]
A[28][51],RECTANGLE -> [ (28, 51) ,(28, 52) ,(28, 53) ,(28, 54) ,(29, 51) ,(29, 52) ,(29, 53) ,(29, 54)  ]
A[33][50],RECTANGLE -> [ (33, 50) ,(33, 51) ,(33, 52) ,(33, 53) ,(34, 50) ,(34, 51) ,(34, 52) ,(34, 53)  ]
A[37][32],RECTANGLE -> [ (37, 32) ,(37, 33) ,(37, 34) ,(37, 35) ,(38, 32) ,(38, 33) ,(38, 34) ,(38, 35)  ]
A[45][47],RECTANGLE -> [ (45, 47) ,(45, 48) ,(45, 49) ,(45, 50) ,(46, 47) ,(46, 48) ,(46, 49) ,(46, 50)  ]
>